00 0 0 3552 3552 0
0000 0 0 1776 1776 0
000000 0 0 888 888 1 2 3 4 5 6 7 8 9 10 11 12 13 14 16 17 18 19 20 21 22 23 24 25 26 27 28 29 223 224 225 226 227 228 229 230 231 232 234 235 236 237 238 240 241 242 244 246 247 249 250 251 252 254 255 258 632 633 635 636 637 638 640 642 643 645 646 648 649 651 652 654 655 656 657 659 660 661 662 663 665 666 667 668 721 722 723 724 725 726 727 741 742 749 750 751
000001 0 888 888 1776 0
000010 888 0 1776 888 29 30 31 32 33 34 35 36 37 38 39 40 41 42 43 44 45 47 48 49 50 51 52 53 54 55 56 57 58 255 259 260 262 263 264 266 268 269 270 271 272 273 274 277 278 279 281 283 284 285 286 287 288 289 290 291 292 295 668 669 670 672 673 674 676 678 679 680 681 682 683 684 685 686 687 688 689 690 691 692 693 695 696 697 698 699 700 743 744 748 752 775 778 780 781 802 803
000011 888 888 1776 1776 0
0001 0 1776 1776 3552 0
0010 1776 0 3552 1776 0
001000 1776 0 2664 888 58 60 61 62 63 64 65 66 68 69 70 71 72 73 74 75 76 77 79 80 81 82 83 84 85 293 294 295 296 297 299 300 301 302 303 304 305 306 307 308 309 310 311 312 313 314 315 316 317 318 624 626 627 628 629 630 700 701 702 703 704 705 706 707 708 709 710 711 712 713 714 715 716 717 718 744 745 746 747 753 754 776 779 798 799 801 804 805
001001 1776 888 2664 1776 0
001010 2664 0 3552 888 85 86 87 88 89 90 91 93 94 95 96 97 98 99 100 101 102 103 104 105 106 107 108 109 110 318 319 320 321 323 324 325 326 327 328 329 330 331 332 333 334 335 336 338 339 340 341 342 343 344 597 598 599 600 601 602 603 604 605 607 608 609 610 612 613 614 615 617 618 619 620 622 623 624 631 782 783 784 785 786 787 788 789 790 791 792 793 796 797 798 799 800 805 806 807 808 809 810 811 812 813 814
001011 2664 888 3552 1776 0
0011 1776 1776 3552 3552 0
01 0 3552 3552 7104 0
10 3552 0 7104 3552 0
1000 3552 0 5328 1776 0
100000 3552 0 4440 888 109 110 111 112 113 114 115 116 117 118 119 120 121 122 123 124 125 126 127 128 129 130 131 132 133 134 135 136 137 343 344 345 346 347 348 349 351 352 354 355 356 357 359 360 362 363 364 365 366 368 369 370 371 372 373 375 377 378 563 564 565 567 568 569 570 574 575 577 579 580 581 584 585 586 587 588 589 590 591 592 593 594 595 596 614 615 616 814 819 820 821 822 823 824 825 832 877 878 879 880 889 890 891 898 899
100001 3552 888 4440 1776 0
100010 4440 0 5328 888 137 138 139 140 141 142 143 144 145 146 147 148 149 150 151 152 153 154 155 156 163 164 165 171 172 378 380 381 383 384 385 386 387 388 389 390 391 392 393 394 395 396 397 398 399 400 401 403 404 407 539 540 541 542 543 544 545 546 548 549 550 551 552 553 554 555 556 558 560 561 562 563 571 572 573 825 827 828 829 830 832 833 834 835 836 842 843 844 845 846 847 848 849 850 851 857 858 859 860 861 862 863 864 865 866 867 868 869 870 871 872 873 874 875 881 882 883 891 892 900
100011 4440 888 5328 1776 0
1001 3552 1776 5328 3552 0
1010 5328 0 7104 1776 0
101000 5328 0 6216 888 165 166 167 168 169 170 173 174 175 176 177 178 179 180 181 182 183 184 185 186 187 188 189 190 191 192 193 194 195 406 407 408 409 410 411 412 413 414 416 417 419 420 422 423 424 425 427 428 430 432 433 434 435 436 437 439 441 442 510 511 512 513 514 515 516 517 518 519 520 521 522 523 524 525 526 527 528 529 531 532 533 534 535 536 537 538 539 874 875 876 885 886 887 888 893 895 897 901 902 903 904 905 906 909 913 914 918 919 920 927 935 936
101001 5328 888 6216 1776 0
101010 6216 0 7104 888 195 196 197 198 199 200 201 202 203 204 205 206 207 208 209 210 211 212 213 214 215 216 217 218 219 220 221 222 442 444 445 446 447 449 450 451 453 456 458 459 460 461 462 464 465 466 467 469 470 472 473 474 475 476 477 478 481 482 484 485 486 487 488 489 490 491 492 493 494 495 496 497 498 499 500 501 502 504 505 506 507 508 509 510 910 914 915 916 917 920 921 922 923 924 925 926 927 929 930 931 932 933 934 935 937
101011 6216 888 7104 1776 0
1011 5328 1776 7104 3552 0
11 3552 3552 7104 7104 0
