1500 1 1 0
 1 7 0 120
 2 8 32 120
 3 8 64 120
 4 8 96 120
 6 8 128 120
 7 8 160 120
 8 8 192 120
 9 8 224 120
 10 8 256 120
 11 8 288 120
 12 8 320 120
 13 8 352 120
 14 8 416 120
 15 8 384 120
 16 8 448 120
 17 8 480 120
 19 8 544 120
 20 8 512 120
 21 8 576 120
 22 8 608 120
 23 8 640 120
 24 8 704 120
 25 8 672 120
 27 9 736 120
 28 7 864 120
 29 8 896 120
 30 8 928 120
 31 8 992 120
 32 8 960 120
 33 8 1024 120
 34 8 1088 120
 35 8 1056 120
 36 8 1120 120
 37 8 1152 120
 38 8 1184 120
 39 8 1216 120
 40 8 1248 120
 41 8 1280 120
 42 8 1312 120
 43 8 1344 120
 45 8 1376 120
 46 8 1408 120
 47 9 1440 120
 48 49 137 319
 49 49 12 319
 50 47 507 170
 51 2 585 495
 52 2 600 311
 53 2 889 364
 54 2 286 589
 55 2 1375 465
 56 29 1071 247
 57 26 1120 312
 58 26 1152 312
 59 26 1184 312
 60 26 1216 312
 61 26 1248 312
 62 48 977 220
 63 25 288 280
 64 25 416 280
 65 25 288 216
 66 25 416 216
 67 25 1152 376
 68 25 1184 376
 69 25 1216 376
 70 25 1248 376
 71 25 1120 376
 72 25 160 472
 73 25 544 280
 74 25 544 216
 10 0 4 0 0 300 1