8000 1 1 1 1
 8 36 0 376
 9 36 0 344
 10 36 0 312
 11 36 0 280
 12 36 0 248
 13 36 0 216
 14 36 0 184
 15 36 0 152
 16 36 0 120
 17 36 0 88
 18 36 32 88
 19 36 64 88
 20 36 96 88
 21 36 128 88
 22 36 160 88
 23 36 192 88
 24 36 224 88
 25 36 256 88
 27 36 288 88
 28 36 320 88
 29 36 384 88
 30 36 352 88
 31 36 416 88
 32 36 448 88
 33 36 480 88
 34 36 512 88
 35 36 544 88
 36 36 608 88
 37 36 576 88
 38 36 640 88
 39 32 32 376
 63 36 672 88
 64 36 704 88
 65 36 768 88
 66 36 736 88
 67 36 800 88
 68 36 864 88
 69 36 832 88
 70 36 896 88
 71 36 928 88
 73 36 992 88
 74 36 1024 88
 75 36 1088 88
 76 36 1056 88
 77 36 1120 88
 78 36 1184 88
 79 36 1152 88
 80 36 1216 88
 81 36 1248 88
 82 36 1280 88
 83 36 800 120
 84 36 800 152
 85 36 800 184
 86 36 864 120
 87 36 864 152
 88 36 864 184
 89 36 864 248
 90 36 864 216
 91 36 928 120
 92 36 928 152
 93 36 928 184
 94 36 1024 120
 95 36 1024 152
 96 36 1024 184
 97 36 1088 120
 98 36 1088 152
 99 36 1088 184
 100 36 1088 216
 101 36 1184 120
 102 36 1184 152
 103 36 1184 184
 104 36 1184 216
 105 36 1088 248
 106 36 1184 248
 107 5 768 120
 108 36 1312 88
 112 36 1344 88
 114 36 1376 88
 115 36 1408 88
 117 36 1440 88
 123 36 1696 88
 124 36 1728 88
 125 36 1792 88
 126 36 1760 88
 127 36 1280 120
 128 36 1280 152
 129 36 1280 184
 134 36 1408 120
 135 36 1408 152
 136 36 1408 184
 137 36 1472 88
 138 36 1824 88
 139 36 1856 88
 140 36 1888 88
 141 36 1504 88
 143 36 1536 88
 144 36 1568 88
 145 5 1376 120
 146 36 1600 88
 156 36 1920 88
 157 36 1952 88
 158 36 1984 88
 159 36 2016 88
 160 36 2048 88
 161 36 2080 88
 162 36 2112 88
 163 36 2144 88
 164 36 2176 88
 173 25 2016 312
 174 25 2048 312
 175 25 2080 312
 176 25 2016 280
 177 25 2048 280
 178 25 2080 280
 179 25 2016 248
 180 25 2048 248
 181 25 2080 248
 182 36 2208 88
 183 36 2240 88
 184 36 2304 88
 185 36 2272 88
 188 36 2240 152
 189 36 2240 120
 190 36 2272 120
 191 36 2272 152
 192 36 2304 152
 193 36 2304 120
 194 36 2336 152
 195 36 2368 152
 196 36 2400 152
 197 36 2432 152
 198 36 2464 152
 210 36 2464 120
 211 36 2464 88
 212 36 2496 88
 213 36 2528 88
 214 36 2560 88
 215 36 2592 88
 216 36 2624 88
 217 36 2656 88
 218 32 2528 248
 223 36 2464 536
 224 36 2464 600
 226 25 2656 280
 227 25 2688 280
 228 25 2656 248
 229 25 2688 248
 230 36 2688 88
 231 36 2720 88
 232 36 2752 88
 233 36 2784 88
 234 36 2848 88
 235 36 2816 88
 236 36 2880 88
 237 36 2912 88
 238 36 2944 88
 243 25 2816 248
 244 25 2816 280
 245 25 2848 280
 246 25 2848 248
 247 36 2976 88
 248 36 3072 88
 249 36 3104 88
 250 36 3136 88
 251 36 3168 88
 252 36 3200 88
 253 36 3232 88
 254 36 3296 88
 255 36 3264 88
 256 32 3104 184
 257 48 3200 152
 258 49 3360 184
 259 36 3328 88
 260 36 3360 88
 261 36 3392 88
 262 36 3424 88
 263 36 3488 88
 264 36 3456 88
 265 36 3520 88
 266 36 3552 88
 267 36 3584 88
 268 36 3616 88
 269 36 3648 88
 270 36 3680 88
 271 36 3712 88
 272 36 3776 88
 273 36 3872 88
 274 36 3904 88
 275 36 3840 88
 276 36 3808 88
 277 36 3744 88
 285 49 3520 184
 288 48 3712 152
 289 36 3936 88
 290 36 3968 88
 291 36 4000 88
 292 0 3616 376
 293 0 3648 376
 294 0 3680 376
 295 25 3712 376
 296 25 3744 376
 297 25 3776 376
 298 0 3808 376
 299 0 3840 376
 300 0 3872 376
 301 0 3904 376
 302 0 3936 376
 303 0 3968 376
 304 0 4000 376
 306 36 4032 88
 307 36 4064 88
 308 36 4096 88
 309 36 4128 88
 310 36 4192 88
 311 36 4160 88
 320 48 4032 152
 321 0 4096 376
 322 0 4128 376
 323 0 4160 376
 325 5 3904 408
 326 5 4000 408
 327 0 4224 216
 328 0 4256 216
 329 0 4288 216
 330 0 4320 216
 331 0 4352 216
 332 0 4384 216
 333 0 4416 216
 334 36 4448 88
 335 36 4480 88
 336 36 4512 88
 337 36 4544 88
 338 36 4576 88
 339 36 4608 88
 340 36 4640 88
 341 36 4704 88
 342 36 4672 88
 344 36 4736 88
 345 36 4768 88
 346 36 4800 88
 347 36 4832 88
 349 36 4864 88
 350 36 4896 88
 351 36 4928 88
 353 36 4960 88
 354 0 4576 312
 355 0 4608 312
 357 0 4640 312
 358 0 4672 312
 359 36 4768 312
 361 36 4800 312
 362 36 4832 312
 363 36 4864 312
 364 49 4832 408
 367 36 4992 88
 368 36 5024 88
 369 36 5056 88
 370 36 5088 88
 371 36 5120 88
 372 36 5152 88
 373 25 4896 344
 374 25 4896 312
 377 25 5024 344
 378 25 5024 312
 379 36 5056 312
 380 36 5088 312
 381 49 5056 408
 384 36 5184 88
 385 36 5216 88
 386 36 5248 88
 388 36 5280 88
 389 36 5312 88
 390 36 5344 88
 392 36 5376 88
 393 36 5408 88
 394 36 5472 88
 395 36 5440 88
 396 36 5504 88
 397 36 5536 88
 398 36 5568 88
 399 36 5600 88
 400 36 5632 88
 401 36 5664 88
 402 36 5728 88
 403 36 5696 88
 404 5 5408 120
 405 5 5312 120
 406 5 5504 120
 407 36 5760 88
 408 36 5792 88
 409 36 5824 88
 410 36 5856 88
 411 36 5888 88
 412 36 5952 88
 413 36 5920 88
 414 36 5984 88
 415 36 6016 88
 416 36 6048 88
 420 36 5760 312
 422 5 5760 344
 424 36 5920 312
 425 5 5920 344
 426 36 6272 88
 427 36 6304 88
 428 36 6336 88
 429 36 6368 88
 430 36 6400 88
 431 36 6464 88
 432 36 6432 88
 433 36 6496 88
 434 36 6528 88
 435 36 6560 88
 436 36 6592 88
 450 36 6624 88
 451 36 6656 88
 452 36 6688 88
 458 36 6944 88
 459 36 6976 88
 460 36 7008 88
 461 36 7008 120
 462 36 7040 88
 463 36 7072 88
 464 36 7040 120
 465 36 7040 152
 466 36 7104 88
 467 36 7136 88
 468 36 7168 88
 469 36 7200 88
 470 36 7232 88
 472 36 7264 88
 473 36 7328 88
 474 36 7360 88
 475 36 7392 88
 476 36 7424 88
 477 36 7456 88
 478 36 7488 88
 479 36 7520 88
 480 36 7584 88
 481 36 7616 88
 482 36 7552 88
 483 36 7648 88
 484 36 7680 88
 485 36 7744 88
 486 36 7776 88
 487 36 7712 88
 491 23 7200 376 0
 492 39 6528 152
 496 28 7360 120
 529 36 2368 536
 531 36 2432 536
 532 36 2400 536
 533 36 2336 536
 534 36 2304 536
 537 36 2272 536
 538 36 2240 536
 539 36 2240 568
 540 36 2272 568
 541 36 2304 568
 542 36 2336 568
 543 36 2400 568
 544 36 2464 568
 545 36 2432 568
 546 36 2432 600
 547 36 2400 600
 548 36 2368 568
 549 36 2368 600
 550 36 2336 600
 551 36 2304 600
 552 36 2272 600
 554 36 2240 600
 555 36 2176 600
 556 36 2208 600
 558 36 2112 600
 559 36 2144 600
 560 36 2080 600
 561 36 2016 600
 562 36 2048 600
 563 36 1984 600
 564 36 1888 600
 565 36 1952 600
 566 36 1920 600
 567 36 1856 600
 568 36 1824 600
 569 36 1792 600
 570 36 1760 600
 571 36 1728 600
 572 36 1696 600
 573 36 1664 600
 581 36 320 600
 583 36 352 600
 584 36 384 600
 585 36 448 600
 586 36 416 600
 587 36 480 600
 589 36 512 600
 590 36 544 600
 591 36 576 600
 592 36 608 600
 593 36 640 600
 594 36 672 600
 595 36 704 600
 596 36 736 600
 597 36 768 600
 598 36 832 600
 599 36 800 600
 600 36 864 600
 601 36 896 600
 602 36 928 600
 603 36 960 600
 604 36 992 600
 605 36 1024 600
 606 36 1056 600
 607 36 1088 600
 608 36 1120 600
 610 36 1216 600
 611 36 1184 600
 612 36 1152 600
 614 36 1248 600
 615 36 1280 600
 616 36 1312 600
 617 36 1344 600
 618 36 1408 600
 619 36 1376 600
 620 36 1440 600
 621 36 1472 600
 622 36 1504 600
 623 36 1536 600
 624 36 1600 600
 625 36 1632 600
 626 36 1568 600
 627 36 2496 600
 630 36 2528 600
 631 36 2560 600
 635 36 2592 600
 637 36 2624 600
 638 36 2656 600
 640 36 2688 600
 642 36 2720 600
 644 36 2752 600
 648 36 2784 600
 650 36 2816 600
 651 36 2848 600
 653 36 2880 600
 655 36 2912 600
 657 36 2944 600
 659 36 2976 600
 661 36 3008 600
 663 36 3040 600
 665 36 3072 600
 668 36 3104 600
 669 36 3136 600
 671 36 3168 600
 673 36 3200 600
 675 36 3232 600
 677 36 3264 600
 679 36 3296 600
 683 36 3360 600
 685 36 3392 600
 687 36 3424 600
 691 36 3456 600
 692 36 3488 600
 694 36 3520 600
 696 36 3552 600
 698 36 3584 600
 701 36 3648 600
 702 36 3616 600
 705 36 3680 600
 707 36 3712 600
 709 36 3744 600
 711 36 3776 600
 713 36 3808 600
 715 36 3840 600
 719 36 3872 600
 721 36 3904 600
 722 36 3936 600
 724 36 3968 600
 726 36 4000 600
 728 36 4032 600
 730 36 4064 600
 732 36 4096 600
 734 36 4128 600
 737 36 4160 600
 738 36 4224 600
 740 36 4192 600
 744 36 4256 600
 746 36 4288 600
 747 36 4320 600
 750 36 4384 600
 751 36 4352 600
 753 36 4416 600
 755 36 4448 600
 757 36 4480 600
 759 36 4512 600
 761 36 4544 600
 763 36 4576 600
 765 36 4608 600
 767 36 4640 600
 769 36 4672 600
 771 36 4704 600
 773 36 4736 600
 775 36 4768 600
 779 36 4832 600
 780 36 4800 600
 782 36 4864 600
 784 36 4896 600
 786 36 4928 600
 788 36 4960 600
 790 36 4992 600
 792 36 5024 600
 794 36 5056 600
 796 36 5088 600
 798 36 5120 600
 800 36 5152 600
 802 36 5184 600
 804 36 5216 600
 806 36 5248 600
 808 36 5280 600
 811 36 5312 600
 812 36 5344 600
 814 36 5408 600
 816 36 5376 600
 817 36 5440 600
 818 36 5472 600
 819 36 5504 600
 820 36 5536 600
 821 36 5568 600
 822 36 5600 600
 823 36 5632 600
 824 36 5664 600
 826 36 5728 600
 827 36 5696 600
 828 36 5760 600
 829 36 5792 600
 830 36 5824 600
 831 36 5920 600
 832 36 5856 600
 833 36 5952 600
 834 36 5888 600
 835 36 5984 600
 836 36 6016 600
 838 36 6048 600
 903 36 960 88
 993 36 2336 88
 994 36 2336 120
 995 36 2368 120
 996 36 2400 120
 997 36 2432 120
 998 36 2432 88
 999 36 2368 88
 1000 36 2400 88
 1271 36 7296 88
 1305 36 7808 88
 1306 36 7840 88
 1307 36 7872 88
 1308 36 7936 88
 1309 36 7968 88
 1310 36 7904 88
 1324 22 1760 248 0
 1328 27 4850 445
 1329 27 5078 446
 1330 27 3379 220
 1331 27 3540 221
 1333 24 416 216 0
 1334 16 448 216 0
 1335 24 480 216 0
 1336 0 320 216
 1337 0 352 216
 1338 0 384 216
 1339 0 512 216
 1340 0 544 216
 1341 0 576 216
 1342 0 448 344
 1343 0 480 344
 1344 0 512 344
 1345 5 480 376
 1346 5 352 248
 1347 5 544 248
 1348 0 1728 216
 1349 0 1792 216
 1350 0 1824 216
 1351 0 1856 216
 1352 0 1760 344
 1353 0 1792 344
 1354 46 1824 376 0
 1355 5 2016 120
 1356 20 2144 152
 1357 5 2336 184
 1359 5 2688 120
 1361 0 6368 248
 1362 0 6400 248
 1363 0 6432 248
 1364 0 6464 248
 1365 0 6496 248
 1366 0 6560 248
 1367 0 6592 248
 1368 0 6528 248
 1369 5 6464 280
 1370 5 6592 280
 1371 37 6126 80
 1372 37 6126 208
 1373 37 6126 364
 1374 37 6128 515
 1376 37 6784 88
 1377 37 6784 248
 1378 37 6784 408
 1379 37 6784 568
 1380 24 7104 280 0
 1381 24 7200 280 0
 1382 24 7232 280 0
 1383 24 7264 280 0
 1384 10 64 408 0 4 0 0 300
