8500 1 3 0 4 1 7 0 152
 2 8 32 152
 3 8 64 152
 4 8 96 152
 5 8 128 152
 6 8 160 152
 7 8 192 152
 8 8 224 152
 9 8 256 152
 10 8 288 152
 11 8 320 152
 12 8 352 152
 13 8 384 152
 14 8 416 152
 15 8 448 152
 16 9 480 152
 17 33 0 120
 18 33 32 120
 19 33 64 120
 20 33 96 120
 21 33 128 120
 22 33 192 120
 23 33 160 120
 24 33 224 120
 25 33 256 120
 26 33 288 120
 27 33 352 120
 28 33 320 120
 29 33 384 120
 30 33 416 120
 31 33 448 120
 33 33 480 120
 34 33 480 88
 35 33 448 88
 36 33 416 88
 37 33 384 88
 38 33 352 88
 39 33 320 88
 40 33 256 88
 41 33 288 88
 42 33 224 88
 43 33 192 88
 44 33 128 88
 45 33 160 88
 46 33 96 88
 47 33 32 88
 48 33 0 88
 49 33 64 88
 50 33 0 56
 51 33 32 56
 52 33 64 56
 53 33 96 56
 54 33 128 56
 55 33 160 56
 56 33 192 56
 57 33 256 56
 58 33 224 56
 59 33 288 56
 60 33 320 56
 61 33 352 56
 62 33 384 56
 63 33 416 56
 64 33 448 56
 65 33 480 56
 66 33 480 24
 67 33 448 24
 68 33 416 24
 70 33 384 24
 71 33 352 24
 72 33 320 24
 73 33 288 24
 74 33 256 24
 76 33 192 24
 77 33 224 24
 78 33 160 24
 79 33 96 24
 80 33 128 24
 81 33 32 24
 82 33 64 24
 83 33 0 24
 84 3 192 184
 85 2 256 536
 86 25 256 344
 87 25 288 344
 88 25 320 344
 89 25 256 312
 90 25 288 312
 91 25 320 312
 95 42 608 237
 96 43 576 237
 97 42 639 237
 98 42 671 237
 99 41 703 237
 100 45 608 216
 101 45 640 216
 102 45 672 216
 103 45 608 184
 104 45 640 184
 105 45 672 184
 106 45 608 152
 107 45 640 152
 108 45 672 152
 109 45 608 120
 110 45 640 120
 111 45 672 120
 112 45 608 88
 113 45 640 88
 114 45 672 88
 115 45 608 56
 116 45 640 56
 117 45 672 56
 118 45 608 24
 119 45 640 24
 120 45 672 24
 121 2 704 88
 123 42 864 336
 124 42 896 336
 125 42 927 336
 126 42 959 336
 127 42 991 336
 128 43 832 336
 129 41 1022 336
 130 25 672 504
 131 25 704 504
 132 25 736 504
 133 24 896 504 0
 134 24 928 504 0
 135 24 960 504 0
 136 5 960 536
 138 45 864 312
 139 45 896 312
 140 45 928 312
 141 45 960 312
 142 45 992 312
 143 45 864 280
 144 45 896 280
 145 45 928 280
 146 45 960 280
 147 45 992 280
 148 45 864 248
 149 45 896 248
 150 45 928 248
 151 45 960 248
 152 45 992 248
 153 45 864 216
 154 45 896 216
 155 45 928 216
 156 45 960 216
 157 45 992 216
 158 45 864 184
 159 45 896 184
 160 45 928 184
 161 45 960 184
 162 45 992 184
 163 45 864 152
 164 45 896 152
 165 45 928 152
 166 45 960 152
 167 45 992 152
 168 45 864 120
 169 45 896 120
 170 45 928 120
 171 45 960 120
 172 45 992 120
 173 45 864 88
 174 45 896 88
 175 45 928 88
 176 45 960 88
 177 45 992 88
 179 45 896 56
 180 45 928 56
 181 45 960 56
 182 45 992 56
 183 45 864 56
 184 45 864 24
 185 45 896 24
 186 45 928 24
 187 45 960 24
 188 45 992 24
 191 42 1155 236
 192 42 1185 236
 193 42 1217 236
 195 43 1125 236
 197 41 1278 236
 198 42 1249 236
 199 45 1152 216
 200 45 1184 216
 201 45 1216 216
 202 45 1248 216
 203 45 1152 184
 204 45 1184 184
 205 45 1216 184
 206 45 1248 184
 207 45 1152 152
 208 45 1184 152
 209 45 1216 152
 210 45 1248 152
 211 45 1152 120
 212 45 1184 120
 213 45 1216 120
 214 45 1248 120
 215 45 1152 88
 216 45 1184 88
 217 45 1216 88
 218 45 1248 88
 219 45 1152 56
 220 45 1184 56
 221 45 1216 56
 222 45 1248 56
 223 45 1152 24
 224 45 1184 24
 225 45 1216 24
 226 45 1248 24
 227 2 1216 536
 228 3 1169 268
 245 43 1375 144
 246 42 1407 144
 247 42 1439 144
 248 42 1469 144
 249 42 1499 144
 250 42 1528 144
 251 42 1556 144
 252 42 1586 144
 253 42 1617 144
 255 42 1647 144
 258 42 1679 144
 259 41 1711 144
 260 45 1408 120
 261 45 1440 120
 262 45 1472 120
 263 45 1504 120
 264 45 1536 120
 265 45 1568 120
 266 45 1600 120
 267 45 1632 120
 268 45 1664 120
 269 45 1696 120
 270 45 1408 88
 271 45 1440 88
 272 45 1472 88
 273 45 1504 88
 274 45 1536 88
 275 45 1568 88
 277 45 1600 88
 278 45 1632 88
 279 45 1664 88
 280 45 1696 88
 281 45 1408 56
 282 45 1440 56
 283 45 1472 56
 284 45 1504 56
 285 45 1536 56
 286 45 1568 56
 287 45 1600 56
 288 45 1632 56
 289 45 1664 56
 290 45 1696 56
 291 45 1408 24
 292 45 1440 24
 293 45 1472 24
 294 45 1504 24
 295 45 1536 24
 297 45 1568 24
 299 45 1600 24
 301 45 1632 24
 302 45 1664 24
 303 45 1696 24
 304 24 1472 312 0
 305 24 1504 312 0
 306 24 1536 312 0
 307 24 1568 312 0
 308 24 1600 312 0
 310 5 1568 344
 311 39 1664 216
 316 42 2432 174
 317 42 2463 174
 318 42 2495 174
 319 42 2526 174
 320 42 2555 174
 321 42 2586 174
 322 42 2617 174
 323 42 2649 174
 324 42 2679 174
 325 42 2711 174
 327 42 2742 174
 328 42 2773 174
 329 43 2403 174
 330 41 2804 174
 331 45 2432 152
 332 45 2464 152
 333 45 2496 152
 334 45 2528 152
 335 45 2560 152
 336 45 2592 152
 337 45 2624 152
 338 45 2656 152
 339 45 2688 152
 340 45 2720 152
 341 45 2752 152
 342 45 2784 152
 343 45 2432 120
 344 45 2464 120
 345 45 2496 120
 346 45 2528 120
 347 45 2560 120
 348 45 2592 120
 349 45 2624 120
 350 45 2656 120
 351 45 2688 120
 352 45 2720 120
 353 45 2752 120
 354 45 2784 120
 355 45 2784 88
 356 45 2752 88
 357 45 2720 88
 358 45 2688 88
 359 45 2656 88
 360 45 2624 88
 361 45 2592 88
 362 45 2560 88
 363 45 2528 88
 364 45 2496 88
 365 45 2464 88
 366 45 2432 88
 367 45 2432 56
 368 45 2464 56
 369 45 2496 56
 370 45 2528 56
 371 45 2560 56
 372 45 2592 56
 373 45 2624 56
 374 45 2656 56
 375 45 2688 56
 376 45 2720 56
 377 45 2784 56
 378 45 2752 56
 379 45 2784 24
 380 45 2752 24
 381 45 2720 24
 382 45 2688 24
 383 45 2656 24
 385 45 2624 24
 386 45 2592 24
 387 45 2560 24
 388 45 2528 24
 389 45 2496 24
 390 45 2464 24
 391 45 2432 24
 392 24 2528 344 0
 393 24 2560 344 0
 394 24 2592 344 0
 395 24 2624 344 0
 396 24 2656 344 0
 397 24 2688 344 0
 398 23 2624 536 0
 401 3 2589 205
 403 39 2755 247
 410 42 3328 205
 411 42 3358 205
 412 42 3390 205
 413 42 3422 205
 414 42 3453 205
 415 42 3484 205
 416 42 3514 205
 417 43 3296 205
 418 41 3546 205
 419 45 3328 184
 420 45 3360 184
 421 45 3392 184
 422 45 3424 184
 423 45 3456 184
 424 45 3488 184
 425 45 3520 184
 426 45 3328 152
 427 45 3360 152
 428 45 3392 152
 429 45 3424 152
 430 45 3456 152
 432 45 3488 152
 433 45 3520 152
 434 45 3520 120
 436 45 3488 120
 437 45 3456 120
 438 45 3424 120
 440 45 3392 120
 442 45 3360 120
 443 45 3328 120
 444 45 3328 88
 445 45 3360 88
 446 45 3392 88
 448 45 3424 88
 449 45 3456 88
 450 45 3488 88
 451 45 3520 88
 452 45 3520 56
 453 45 3488 56
 455 45 3456 56
 456 45 3424 56
 458 45 3392 56
 459 45 3360 56
 460 45 3328 56
 461 45 3328 24
 462 45 3360 24
 464 45 3392 24
 465 45 3424 24
 467 45 3456 24
 468 45 3488 24
 469 45 3520 24
 470 39 3520 280
 471 2 3040 504
 472 2 2240 536
 473 2 1728 472
 474 25 3360 344
 475 25 3392 344
 476 25 3424 344
 477 25 3456 344
 480 25 3744 344
 481 25 3776 344
 482 25 3808 344
 483 25 3840 344
 488 42 4032 145
 489 42 4063 145
 490 42 4095 145
 491 42 4126 145
 492 42 4157 145
 493 43 4002 145
 494 41 4189 145
 495 45 4032 120
 496 45 4064 120
 497 45 4096 120
 499 45 4128 120
 500 45 4160 120
 501 45 4032 88
 502 45 4064 88
 503 45 4096 88
 504 45 4128 88
 505 45 4160 88
 506 45 4032 56
 507 45 4064 56
 508 45 4096 56
 509 45 4128 56
 510 45 4160 56
 511 45 4032 24
 512 45 4064 24
 513 45 4096 24
 514 45 4128 24
 515 45 4160 24
 517 24 4064 312 0
 518 24 4096 312 0
 519 24 4128 312 0
 520 16 4032 312 0
 521 5 4171 179
 522 43 4320 24
 523 42 4352 24
 524 42 4384 24
 525 42 4416 24
 526 42 4448 24
 527 42 4480 24
 528 42 4512 24
 529 42 4544 24
 530 42 4576 24
 531 42 4608 24
 532 42 4640 24
 533 42 4672 24
 534 41 4704 24
 535 25 4384 120
 536 25 4416 120
 537 25 4448 120
 538 25 4480 120
 539 25 4512 120
 540 25 4544 120
 541 25 4576 120
 542 25 4384 152
 543 25 4416 152
 544 25 4448 152
 546 25 4480 152
 547 25 4512 152
 548 25 4544 152
 549 25 4576 152
 550 25 4384 184
 551 25 4416 184
 552 25 4448 184
 553 25 4480 184
 554 25 4512 184
 555 25 4544 184
 556 25 4576 184
 557 25 4608 120
 558 25 4608 152
 559 25 4608 184
 560 5 4615 56
 561 5 4437 59
 563 42 4800 112
 564 42 4829 112
 565 41 4860 112
 566 43 4769 112
 567 45 4800 88
 568 45 4832 88
 569 45 4800 56
 570 45 4832 56
 571 45 4800 24
 572 45 4832 24
 573 2 4704 536
 574 2 3936 536
 575 2 3776 152
 577 42 4960 206
 578 42 4992 206
 579 41 5024 206
 580 43 4929 206
 581 45 4960 184
 582 45 4992 184
 583 45 4960 152
 584 45 4992 152
 585 45 4960 120
 586 45 4992 120
 587 45 4960 88
 588 45 4992 88
 589 45 4960 56
 590 45 4992 56
 591 45 4960 24
 592 45 4992 24
 594 42 5152 306
 595 42 5184 306
 596 43 5121 306
 597 41 5216 306
 598 45 5152 280
 599 45 5184 280
 600 45 5152 248
 601 45 5184 248
 602 45 5152 216
 603 45 5184 216
 604 45 5152 184
 605 45 5184 184
 606 45 5152 152
 607 45 5184 152
 608 45 5152 120
 609 45 5184 120
 610 45 5152 88
 611 45 5184 88
 612 45 5152 56
 613 45 5184 56
 614 45 5152 24
 615 45 5184 24
 616 25 5024 344
 617 25 5056 344
 618 23 5056 536 0
 621 25 5472 408
 622 25 5504 408
 624 42 5696 173
 625 43 5665 173
 626 42 5728 173
 627 41 5760 173
 628 45 5696 152
 629 45 5728 152
 630 45 5696 120
 631 45 5728 120
 632 45 5696 88
 633 45 5728 88
 634 45 5696 56
 635 45 5728 56
 636 45 5696 24
 637 45 5728 24
 638 2 5312 184
 639 2 5760 504
 640 43 5856 24
 641 42 5888 24
 642 42 5920 24
 643 42 5984 24
 644 42 5952 24
 645 42 6016 24
 646 42 6048 24
 648 42 6080 24
 649 42 6144 24
 650 42 6112 24
 651 42 6176 24
 652 42 6208 24
 653 41 6240 24
 654 16 5984 152 0
 655 24 6016 152 0
 656 24 6048 152 0
 657 24 6080 152 0
 658 24 6112 152 0
 660 24 6144 152 0
 661 24 6176 152 0
 662 3 6048 56
 663 39 6208 88
 664 5 6112 184
 665 2 6112 408
 668 42 6368 111
 669 42 6399 111
 672 41 6431 111
 673 43 6337 111
 674 45 6368 88
 675 45 6400 88
 676 45 6368 56
 677 45 6400 56
 678 45 6368 24
 679 45 6400 24
 684 25 6464 536
 685 25 6496 536
 686 25 6528 536
 687 25 6560 536
 688 25 6464 504
 689 25 6496 504
 690 25 6528 504
 691 25 6560 504
 694 42 6592 175
 695 42 6623 175
 696 42 6655 175
 697 42 6685 175
 698 42 6717 175
 699 42 6749 175
 700 42 6781 175
 701 42 6813 175
 702 42 6845 175
 704 42 6876 175
 705 42 6908 175
 706 42 6940 175
 707 42 6972 175
 708 43 6560 175
 709 41 7004 175
 710 5 6665 209
 711 39 6947 223
 713 3 6781 207
 714 45 6592 152
 715 45 6656 152
 716 45 6624 152
 717 45 6688 152
 718 45 6720 152
 719 45 6752 152
 720 45 6784 152
 721 45 6816 152
 722 45 6848 152
 723 45 6880 152
 724 45 6912 152
 725 45 6944 152
 726 45 6976 152
 727 45 6592 120
 728 45 6624 120
 729 45 6656 120
 730 45 6688 120
 731 45 6720 120
 732 45 6752 120
 733 45 6784 120
 734 45 6816 120
 735 45 6848 120
 736 45 6880 120
 737 45 6912 120
 738 45 6944 120
 739 45 6976 120
 740 45 6592 88
 741 45 6624 88
 742 45 6656 88
 743 45 6688 88
 745 45 6720 88
 746 45 6752 88
 747 45 6784 88
 749 45 6816 88
 750 45 6848 88
 751 45 6880 88
 752 45 6912 88
 753 45 6944 88
 755 45 6976 88
 756 45 6592 56
 757 45 6656 56
 758 45 6624 56
 759 45 6688 56
 760 45 6720 56
 761 45 6752 56
 762 45 6784 56
 763 45 6816 56
 764 45 6848 56
 765 45 6880 56
 766 45 6912 56
 767 45 6944 56
 768 45 6976 56
 769 45 6592 24
 770 45 6656 24
 771 45 6624 24
 772 45 6688 24
 773 45 6720 24
 774 45 6752 24
 775 45 6784 24
 776 45 6816 24
 777 45 6848 24
 778 45 6880 24
 779 45 6912 24
 780 45 6944 24
 781 45 6976 24
 785 42 7136 238
 786 42 7168 238
 787 41 7199 238
 788 43 7106 238
 789 45 7136 216
 790 45 7168 216
 792 45 7168 184
 793 45 7136 184
 794 45 7168 152
 795 45 7136 152
 796 45 7136 120
 797 45 7168 120
 798 45 7136 88
 799 45 7168 88
 800 45 7136 56
 801 45 7168 56
 802 45 7136 24
 803 45 7168 24
 810 2 7008 536
 813 42 7329 337
 814 42 7360 337
 815 41 7390 337
 816 43 7298 337
 817 25 7168 408
 818 25 7200 408
 819 25 7168 376
 820 25 7200 376
 821 45 7328 312
 822 45 7360 312
 823 45 7328 280
 824 45 7360 280
 825 45 7328 248
 826 45 7360 248
 827 45 7328 216
 828 45 7360 216
 829 45 7328 184
 830 45 7360 184
 831 45 7328 152
 832 45 7360 152
 833 45 7328 120
 834 45 7360 120
 836 45 7360 88
 838 45 7328 88
 839 45 7328 56
 840 45 7360 56
 841 45 7328 24
 842 45 7360 24
 843 25 7520 440
 844 25 7552 440
 845 25 7584 440
 846 25 7616 440
 847 25 7648 440
 848 25 7520 408
 849 25 7552 408
 850 25 7584 408
 851 25 7616 408
 852 25 7648 408
 854 26 7616 184
 856 26 7616 152
 858 26 7648 152
 859 26 7616 120
 860 26 7648 120
 861 26 7680 120
 863 26 7616 88
 864 26 7648 88
 865 26 7680 88
 866 26 7712 88
 868 7 7616 56
 869 8 7648 56
 870 8 7680 56
 871 8 7712 56
 872 8 7744 56
 873 8 7776 56
 874 8 7840 56
 875 8 7808 56
 876 33 7616 24
 877 33 7648 24
 878 33 7680 24
 879 33 7712 24
 880 33 7744 24
 881 33 7776 24
 882 33 7808 24
 883 33 7840 24
 886 8 7872 56
 887 8 7904 56
 888 8 7936 56
 889 8 7968 56
 890 8 8000 56
 891 8 8032 56
 892 8 8064 56
 893 8 8096 56
 894 8 8128 56
 895 8 8192 56
 896 8 8160 56
 897 8 8224 56
 898 8 8256 56
 899 8 8288 56
 900 8 8320 56
 901 8 8352 56
 902 8 8384 56
 903 8 8416 56
 904 8 8448 56
 905 8 8480 56
 906 28 7840 88
 907 33 7872 24
 908 33 7904 24
 909 33 7936 24
 910 33 7968 24
 911 33 8000 24
 912 33 8032 24
 913 33 8064 24
 914 33 8096 24
 915 33 8128 24
 917 33 8160 24
 918 33 8192 24
 919 33 8256 24
 920 33 8288 24
 921 33 8320 24
 922 33 8352 24
 923 33 8384 24
 924 33 8416 24
 925 33 8480 24
 926 33 8448 24
 927 33 8224 24
 928 2 8160 504
 929 2 7872 440
 930 3 8032 88
 934 32 32 312
 935 32 2432 248
 936 32 4384 216
 937 32 6368 216
 938 26 6496 248
 939 26 6464 248
 940 26 6432 248
 941 48 6464 312
 942 5 6496 344
 944 5 672 280
 950 52 1824 184
 951 53 1984 216
 953 53 2112 248
 954 53 2272 216
 956 5 2560 216
 957 53 3648 216
 958 53 3840 216
 960 52 2944 120
 961 52 3104 184
 962 52 5312 216
 963 52 5472 280
 964 10 64 280 0 4 0 0 300
