7104 1 1 0
 1 7 0 88
 2 8 32 88
 3 8 64 88
 4 8 96 88
 5 8 128 88
 6 8 160 88
 7 8 192 88
 8 8 224 88
 9 8 256 88
 10 8 288 88
 11 8 320 88
 12 8 352 88
 13 8 384 88
 14 8 416 88
 16 8 448 88
 17 8 480 88
 18 8 512 88
 19 8 544 88
 20 8 576 88
 21 8 608 88
 22 8 640 88
 23 8 704 88
 24 8 672 88
 25 8 736 88
 26 8 800 88
 27 8 768 88
 28 8 832 88
 29 8 864 88
 30 8 896 88
 31 8 928 88
 32 8 960 88
 33 8 992 88
 34 8 1024 88
 35 8 1056 88
 36 8 1088 88
 37 8 1120 88
 38 8 1152 88
 39 8 1184 88
 40 8 1216 88
 41 8 1248 88
 42 8 1280 88
 43 8 1312 88
 44 8 1344 88
 45 8 1376 88
 47 8 1408 88
 48 8 1440 88
 49 8 1472 88
 50 8 1504 88
 51 8 1536 88
 52 8 1568 88
 53 8 1600 88
 54 8 1632 88
 55 8 1664 88
 56 8 1696 88
 57 8 1728 88
 58 8 1760 88
 60 8 1792 88
 61 8 1824 88
 62 8 1856 88
 63 8 1888 88
 64 8 1920 88
 65 8 1952 88
 66 8 1984 88
 68 8 2016 88
 69 8 2048 88
 70 8 2080 88
 71 8 2112 88
 72 8 2144 88
 73 8 2176 88
 74 8 2208 88
 75 8 2240 88
 76 8 2272 88
 77 8 2304 88
 79 9 2336 88
 80 7 2496 88
 81 8 2528 88
 82 8 2560 88
 83 8 2592 88
 84 8 2624 88
 85 8 2656 88
 86 8 2688 88
 87 8 2720 88
 88 8 2752 88
 89 8 2784 88
 90 8 2816 88
 91 8 2848 88
 93 9 2880 88
 94 7 3040 88
 95 8 3072 88
 96 8 3136 88
 97 8 3104 88
 98 8 3168 88
 99 8 3200 88
 100 8 3232 88
 101 8 3264 88
 102 8 3296 88
 103 8 3328 88
 104 8 3360 88
 105 8 3392 88
 106 8 3424 88
 107 8 3456 88
 108 8 3488 88
 109 8 3520 88
 110 8 3552 88
 111 8 3584 88
 112 8 3616 88
 113 8 3648 88
 114 8 3680 88
 115 8 3712 88
 116 8 3744 88
 117 8 3776 88
 118 8 3808 88
 119 8 3840 88
 120 8 3872 88
 121 8 3904 88
 122 8 3936 88
 123 8 3968 88
 124 8 4000 88
 125 8 4032 88
 126 8 4064 88
 127 8 4096 88
 128 8 4128 88
 129 8 4160 88
 130 8 4192 88
 131 8 4224 88
 132 8 4256 88
 133 8 4288 88
 134 8 4320 88
 135 8 4352 88
 136 8 4384 88
 137 8 4416 88
 138 8 4448 88
 139 8 4480 88
 140 8 4512 88
 141 8 4544 88
 142 8 4576 88
 143 8 4608 88
 144 8 4640 88
 145 8 4672 88
 146 8 4704 88
 147 8 4736 88
 148 8 4768 88
 149 8 4800 88
 150 8 4832 88
 151 8 4864 88
 152 8 4896 88
 153 8 4928 88
 154 8 4960 88
 155 8 4992 88
 156 8 5024 88
 163 8 5248 88
 164 8 5280 88
 165 8 5312 88
 166 8 5344 88
 167 8 5376 88
 168 8 5408 88
 169 8 5440 88
 170 8 5472 88
 171 9 5056 88
 172 7 5216 88
 173 8 5504 88
 174 8 5536 88
 175 8 5568 88
 176 8 5600 88
 177 8 5632 88
 178 8 5664 88
 179 8 5696 88
 180 8 5728 88
 181 8 5760 88
 182 8 5792 88
 183 8 5824 88
 184 8 5888 88
 185 8 5856 88
 186 8 5920 88
 187 8 5952 88
 188 8 5984 88
 189 8 6016 88
 190 8 6048 88
 191 8 6112 88
 192 8 6080 88
 193 8 6144 88
 194 8 6176 88
 195 8 6208 88
 196 8 6240 88
 197 8 6272 88
 198 8 6304 88
 199 8 6336 88
 200 8 6368 88
 201 8 6400 88
 202 8 6432 88
 203 8 6464 88
 204 8 6496 88
 205 8 6528 88
 206 8 6560 88
 207 8 6592 88
 208 8 6624 88
 209 8 6656 88
 210 8 6688 88
 211 8 6720 88
 212 8 6752 88
 213 8 6784 88
 214 8 6816 88
 215 8 6848 88
 216 8 6880 88
 217 8 6912 88
 218 8 6944 88
 219 8 6976 88
 220 8 7008 88
 221 8 7040 88
 222 8 7072 88
 223 33 0 56
 224 33 32 56
 225 33 64 56
 226 33 96 56
 227 33 160 56
 228 33 128 56
 229 33 192 56
 230 33 224 56
 231 33 256 56
 232 33 288 56
 234 33 320 56
 235 33 352 56
 236 33 384 56
 237 33 416 56
 238 33 448 56
 240 33 480 56
 241 33 512 56
 242 33 544 56
 244 33 576 56
 246 33 608 56
 247 33 640 56
 249 33 672 56
 250 33 704 56
 251 33 736 56
 252 33 768 56
 254 33 800 56
 255 33 864 56
 258 33 832 56
 259 33 896 56
 260 33 928 56
 262 33 992 56
 263 33 1024 56
 264 33 960 56
 266 33 1056 56
 268 33 1120 56
 269 33 1088 56
 270 33 1152 56
 271 33 1184 56
 272 33 1216 56
 273 33 1248 56
 274 33 1280 56
 277 33 1312 56
 278 33 1344 56
 279 33 1376 56
 281 33 1408 56
 283 33 1472 56
 284 33 1440 56
 285 33 1504 56
 286 33 1536 56
 287 33 1600 56
 288 33 1632 56
 289 33 1568 56
 290 33 1664 56
 291 33 1696 56
 292 33 1728 56
 293 33 1792 56
 294 33 1824 56
 295 33 1760 56
 296 33 1856 56
 297 33 1888 56
 299 33 1920 56
 300 33 1952 56
 301 33 1984 56
 302 33 2016 56
 303 33 2048 56
 304 33 2080 56
 305 33 2112 56
 306 33 2176 56
 307 33 2208 56
 308 33 2144 56
 309 33 2240 56
 310 33 2272 56
 311 33 2336 56
 312 33 2304 56
 313 33 2496 56
 314 33 2528 56
 315 33 2560 56
 316 33 2592 56
 317 33 2624 56
 318 33 2656 56
 319 33 2688 56
 320 33 2720 56
 321 33 2752 56
 323 33 2784 56
 324 33 2848 56
 325 33 2880 56
 326 33 2816 56
 327 33 3040 56
 328 33 3072 56
 329 33 3104 56
 330 33 3136 56
 331 33 3168 56
 332 33 3200 56
 333 33 3264 56
 334 33 3296 56
 335 33 3232 56
 336 33 3328 56
 338 33 3360 56
 339 33 3392 56
 340 33 3424 56
 341 33 3456 56
 342 33 3488 56
 343 33 3520 56
 344 33 3552 56
 345 33 3584 56
 346 33 3616 56
 347 33 3648 56
 348 33 3680 56
 349 33 3712 56
 351 33 3744 56
 352 33 3776 56
 354 33 3808 56
 355 33 3840 56
 356 33 3872 56
 357 33 3904 56
 359 33 3936 56
 360 33 3968 56
 362 33 4000 56
 363 33 4064 56
 364 33 4096 56
 365 33 4032 56
 366 33 4128 56
 368 33 4192 56
 369 33 4256 56
 370 33 4160 56
 371 33 4224 56
 372 33 4288 56
 373 33 4320 56
 375 33 4352 56
 377 33 4384 56
 378 33 4416 56
 380 33 4448 56
 381 33 4480 56
 383 33 4512 56
 384 33 4544 56
 385 33 4576 56
 386 33 4608 56
 387 33 4640 56
 388 33 4672 56
 389 33 4704 56
 390 33 5056 56
 391 33 5024 56
 392 33 4992 56
 393 33 4960 56
 394 33 4928 56
 395 33 4896 56
 396 33 4864 56
 397 33 4800 56
 398 33 4768 56
 399 33 4736 56
 400 33 4832 56
 401 33 5216 56
 403 33 5248 56
 404 33 5280 56
 406 33 5344 56
 407 33 5312 56
 408 33 5408 56
 409 33 5440 56
 410 33 5376 56
 411 33 5472 56
 412 33 5536 56
 413 33 5504 56
 414 33 5568 56
 416 33 5600 56
 417 33 5632 56
 419 33 5664 56
 420 33 5696 56
 422 33 5728 56
 423 33 5760 56
 424 33 5792 56
 425 33 5824 56
 427 33 5856 56
 428 33 5888 56
 430 33 5920 56
 432 33 5984 56
 433 33 5952 56
 434 33 6016 56
 435 33 6048 56
 436 33 6080 56
 437 33 6112 56
 439 33 6144 56
 441 33 6176 56
 442 33 6208 56
 444 33 6240 56
 445 33 6272 56
 446 33 6304 56
 447 33 6336 56
 449 33 6368 56
 450 33 6400 56
 451 33 7072 56
 453 33 7040 56
 456 33 6976 56
 458 33 7008 56
 459 33 6944 56
 460 33 6912 56
 461 33 6880 56
 462 33 7072 24
 464 33 7040 24
 465 33 6976 24
 466 33 6944 24
 467 33 7008 24
 469 33 6912 24
 470 33 6880 24
 472 33 6816 24
 473 33 6784 24
 474 33 6752 24
 475 33 6688 24
 476 33 6720 24
 477 33 6848 24
 478 33 6848 56
 481 33 6784 56
 482 33 6816 56
 484 33 6752 56
 485 33 6720 56
 486 33 6688 56
 487 33 6656 56
 488 33 6592 56
 489 33 6624 24
 490 33 6656 24
 491 33 6624 56
 492 33 6592 24
 493 33 6560 56
 494 33 6560 24
 495 33 6496 56
 496 33 6528 56
 497 33 6528 24
 498 33 6496 24
 499 33 6464 56
 500 33 6464 24
 501 33 6432 56
 502 33 6432 24
 504 33 6400 24
 505 33 6368 24
 506 33 6336 24
 507 33 6304 24
 508 33 6272 24
 509 33 6240 24
 510 33 6208 24
 511 33 6176 24
 512 33 6144 24
 513 33 6112 24
 514 33 6080 24
 515 33 6048 24
 516 33 6016 24
 517 33 5984 24
 518 33 5952 24
 519 33 5920 24
 520 33 5888 24
 521 33 5856 24
 522 33 5824 24
 523 33 5792 24
 524 33 5760 24
 525 33 5728 24
 526 33 5696 24
 527 33 5664 24
 528 33 5632 24
 529 33 5600 24
 531 33 5568 24
 532 33 5536 24
 533 33 5504 24
 534 33 5472 24
 535 33 5440 24
 536 33 5408 24
 537 33 5376 24
 538 33 5344 24
 539 33 5312 24
 540 33 5280 24
 541 33 5248 24
 542 33 5216 24
 543 33 5056 24
 544 33 5024 24
 545 33 4992 24
 546 33 4960 24
 548 33 4832 24
 549 33 4896 24
 550 33 4864 24
 551 33 4928 24
 552 33 4800 24
 553 33 4768 24
 554 33 4704 24
 555 33 4736 24
 556 33 4672 24
 558 33 4640 24
 560 33 4576 24
 561 33 4512 24
 562 33 4480 24
 563 33 4416 24
 564 33 4384 24
 565 33 4320 24
 567 33 4224 24
 568 33 4256 24
 569 33 4288 24
 570 33 4352 24
 571 33 4448 24
 572 33 4544 24
 573 33 4608 24
 574 33 4192 24
 575 33 4160 24
 577 33 4128 24
 579 33 4064 24
 580 33 4096 24
 581 33 4032 24
 584 33 4000 24
 585 33 3968 24
 586 33 3904 24
 587 33 3936 24
 588 33 3872 24
 589 33 3840 24
 590 33 3808 24
 591 33 3776 24
 592 33 3744 24
 593 33 3712 24
 594 33 3648 24
 595 33 3680 24
 596 33 3616 24
 597 33 3040 24
 598 33 3072 24
 599 33 3104 24
 600 33 3136 24
 601 33 3168 24
 602 33 3200 24
 603 33 3232 24
 604 33 3264 24
 605 33 3296 24
 607 33 3328 24
 608 33 3360 24
 609 33 3392 24
 610 33 3424 24
 612 33 3456 24
 613 33 3488 24
 614 33 3520 24
 615 33 3552 24
 616 33 3584 24
 617 33 2880 24
 618 33 2848 24
 619 33 2816 24
 620 33 2784 24
 622 33 2752 24
 623 33 2688 24
 624 33 2656 24
 626 33 2624 24
 627 33 2592 24
 628 33 2560 24
 629 33 2528 24
 630 33 2496 24
 631 33 2720 24
 632 33 0 24
 633 33 32 24
 635 33 64 24
 636 33 96 24
 637 33 128 24
 638 33 160 24
 640 33 192 24
 642 33 256 24
 643 33 224 24
 645 33 320 24
 646 33 288 24
 648 33 384 24
 649 33 352 24
 651 33 416 24
 652 33 448 24
 654 33 480 24
 655 33 512 24
 656 33 544 24
 657 33 576 24
 659 33 608 24
 660 33 640 24
 661 33 672 24
 662 33 704 24
 663 33 736 24
 665 33 768 24
 666 33 800 24
 667 33 832 24
 668 33 864 24
 669 33 896 24
 670 33 928 24
 672 33 960 24
 673 33 992 24
 674 33 1024 24
 676 33 1056 24
 678 33 1152 24
 679 33 1120 24
 680 33 1088 24
 681 33 1216 24
 682 33 1184 24
 683 33 1248 24
 684 33 1280 24
 685 33 1344 24
 686 33 1312 24
 687 33 1376 24
 688 33 1408 24
 689 33 1440 24
 690 33 1472 24
 691 33 1504 24
 692 33 1536 24
 693 33 1568 24
 695 33 1632 24
 696 33 1600 24
 697 33 1664 24
 698 33 1728 24
 699 33 1696 24
 700 33 1760 24
 701 33 1792 24
 702 33 1824 24
 703 33 1856 24
 704 33 1888 24
 705 33 1920 24
 706 33 1952 24
 707 33 1984 24
 708 33 2048 24
 709 33 2080 24
 710 33 2112 24
 711 33 2016 24
 712 33 2144 24
 713 33 2208 24
 714 33 2176 24
 715 33 2240 24
 716 33 2272 24
 717 33 2304 24
 718 33 2336 24
 719 32 0 440
 721 24 576 216 1
 722 0 704 216
 723 24 736 216 1
 724 16 800 216 1
 725 0 768 216
 726 0 832 216
 727 24 768 376 1
 728 47 1012 137
 729 48 1400 186
 730 5 1216 120
 733 5 1536 120
 734 5 1600 120
 735 5 1920 120
 737 49 1664 248
 738 5 1760 120
 739 49 1984 248
 740 32 2112 344
 741 2 160 536
 742 2 576 440
 743 2 1248 536
 744 2 1760 408
 745 2 2272 504
 746 3 2144 120
 747 3 1792 120
 748 29 1184 216
 749 31 416 152
 750 30 448 184
 751 3 512 120
 752 30 960 184
 753 30 2080 184
 754 30 1952 184
 756 20 640 152
 757 5 960 120
 758 20 352 152
 759 27 1036 171
 10 0 4 0 0 300 1