00 0 0 2500 2500 0
0000 0 0 1250 1250 0
000000 0 0 625 625 1 2 3 5 7 9 11 12 13 14 15 16 17 18 19 20 21 22 23 25 77 78 80 81 83 84 86 87 88 89 90 91 92 93 94 95 96 97 98 99 233 234 235 243
000001 0 625 625 1250 0
000010 625 0 1250 625 25 26 27 28 29 30 31 32 33 34 35 36 37 38 39 40 41 42 44 45 47 99 100 101 102 103 104 105 106 107 108 109 110 111 112 113 114 115 116 117 118 119 236 237 238 239 240 241 242
000011 625 625 1250 1250 0
0001 0 1250 1250 2500 0
0010 1250 0 2500 1250 0
001000 1250 0 1875 625 46 47 48 49 50 51 52 53 54 55 56 57 58 59 60 61 62 63 64 65 119 120 122 123 125 126 127 128 129 130 131 132 133 134 135 136 137 138 139 140 251
001001 1250 625 1875 1250 0
001010 1875 0 2500 625 64 66 67 68 69 70 71 72 73 74 75 140 141 142 143 144 145 146 147 148 149 151 152 153 154 157 158 244 245 251 252 259
001011 1875 625 2500 1250 0
0011 1250 1250 2500 2500 0
01 0 2500 2500 5000 0
10 2500 0 5000 2500 0
1000 2500 0 3750 1250 0
100000 2500 0 3125 625 156 158 159 160 161 162 163 164 165 166 167 168 169 170 171 172 173 174 175 176 246 247 253 254 255 256 257 258
100001 2500 625 3125 1250 0
100010 3125 0 3750 625 176 177 178 179 180 181 182 183 184 185 186 187 188 189 190 191 192 193 194 195 196 249 260 262 263 264 265 266
100011 3125 625 3750 1250 0
1001 2500 1250 3750 2500 0
1010 3750 0 5000 1250 0
101000 3750 0 4375 625 196 197 198 199 200 201 202 203 204 205 206 207 208 209 210 211 248 264 270
101001 3750 625 4375 1250 0
101010 4375 0 5000 625 211 212 213 214 215 216 217 218 219 220 221 222 223 224 226 227 228 229 230 231 250 267 268 269
101011 4375 625 5000 1250 0
1011 3750 1250 5000 2500 0
11 2500 2500 5000 5000 0
