00 0 0 4250 4250 0
0000 0 0 2125 2125 0
000000 0 0 1062 1062 0
00000000 0 0 531 531 1 2 3 4 5 6 7 8 9 10 11 12 13 14 15 16 17 18 19 20 21 22 23 24 25 26 27 28 29 30 31 33 34 35 36 37 38 39 40 41 42 43 44 45 46 47 48 49 84 85 89
00000001 0 531 531 1062 34 35 36 37 38 39 40 41 42 43 44 45 46 47 48 49 50 51 52 53 54 55 56 57 58 59 60 61 62 63 64 65 66 67 68 70 71 72 73 74 76 77 78 79 80 81 82 83
00000010 531 0 1062 531 95 96 97 98 99 100 101 102 103 104 105 106 107 108 109 110 111 112 113 114 121 123 124 125 126 127 128 129 130 131 132 133 134 135 138 139 140 141 142 143 144 145 146 147 148 149 150 151 152 153 154 155 156 157 158 159 160 161 162 163 164 165 166 167 168 169 170 171 172 173 174 175 176 177
00000011 531 531 1062 1062 112 113 114 115 116 117 118 119 120 121 173 174 175 176 177 179 180 181 182 183 184 185 186 187 188
000001 0 1062 1062 2124 0
000010 1062 0 2124 1062 0
00001000 1062 0 1593 531 191 192 193 195 197 198 199 200 201 202 203 204 205 206 207 208 209 210 211 212 213 214 215 216 217 218 227 228 245 246 247 248 249 250 251 252 260 261 262 263 264 265 270 271 272 273 274 275 304 305 306 307
00001001 1062 531 1593 1062 215 216 217 218 219 220 221 222 223 224 225 226 270 271 272 273 274 275 281 282 283 284 285 286 291 292 293 294 295 297
00001010 1593 0 2124 531 252 253 255 258 259 265 266 267 268 269 275 277 278 279 280 307 308 473 950
00001011 1593 531 2124 1062 275 277 278 279 280 286 287 288 289 290 297 299 301 302 303
000011 1062 1062 2124 2124 0
0001 0 2125 2125 4250 0
0010 2125 0 4250 2125 0
001000 2125 0 3187 1062 0
00100000 2125 0 2656 531 316 317 318 319 320 321 322 323 329 331 332 333 334 335 336 337 338 343 344 345 346 347 348 349 350 359 360 361 362 363 364 365 366 392 393 394 395 396 398 401 472
00100001 2125 531 2656 1062 359 360 361 362 363 364 365 366 367 368 369 370 371 372 373 374 383 385 386 387 388 389 390 391
00100010 2656 0 3187 531 323 324 325 327 328 330 337 338 339 340 341 342 349 350 351 352 353 354 355 356 357 358 359 360 395 396 397 398 471 960 961
00100011 2656 531 3187 1062 355 356 357 358 359 360 373 374 375 376 377 378 379 380 381 382 383 385
001001 2125 1062 3187 2124 0
001010 3187 0 4249 1062 0
00101000 3187 0 3718 531 410 411 412 413 414 415 416 417 418 419 420 421 422 423 424 425 426 427 428 429 430 432 433 434 436 437 438 440 442 443 444 445 446 448 449 450 451 474 475 476 477 957 961
00101001 3187 531 3718 1062 444 445 446 448 449 450 451 452 453 455 456 458 459 460 461 462 464 465 467 468 469
00101010 3718 0 4249 531 480 481 482 483 488 489 490 491 492 493 494 495 496 497 499 500 501 502 503 504 505 517 518 519 520 574 575 957 958
00101011 3718 531 4249 1062 501 502 503 504 505 506 507 508 509 510 511 512 513 514 515
001011 3187 1062 4249 2124 0
0011 2125 2125 4250 4250 0
01 0 4250 4250 8500 0
10 4250 0 8500 4250 0
1000 4250 0 6375 2125 0
100000 4250 0 5312 1062 0
10000000 4250 0 4781 531 535 536 537 538 539 540 541 542 543 544 546 547 548 549 550 551 552 553 554 555 556 557 558 559 566 573
10000001 4250 531 4781 1062 522 523 524 525 526 527 528 529 530 531 532 533 534
10000010 4781 0 5312 531 563 564 565 566 567 568 577 578 579 580 581 582 583 584 585 586 587 588 594 595 596 597 598 599 600 601 602 603 604 605 606 607 608 609 610 611 616 617 618 638 962
10000011 4781 531 5312 1062 567 568 569 570 571 572 587 588 589 590 591 592 610 611 612 613 614 615
100001 4250 1062 5312 2124 0
100010 5312 0 6374 1062 0
10001000 5312 0 5843 531 621 622 624 625 626 627 628 629 630 631 632 633 638 639 962 963
10001001 5312 531 5843 1062 632 633 634 635 636 637
10001010 5843 0 6374 531 654 655 656 657 658 660 661 665 668 673 674
10001011 5843 531 6374 1062 640 641 642 643 644 645 646 648 649 650 651 652 653 662 674 676 678
100011 5312 1062 6374 2124 0
1001 4250 2125 6375 4250 0
1010 6375 0 8500 2125 0
101000 6375 0 7437 1062 0
10100000 6375 0 6906 531 668 669 672 674 675 684 685 686 687 688 689 690 691 694 695 696 697 698 699 700 701 702 704 708 713 714 715 716 717 718 719 720 721 722 723 727 728 729 730 731 732 733 734 735 736 740 741 742 743 745 746 747 749 750 751 938 939 940 941
10100001 6375 531 6906 1062 674 675 676 677 678 679 740 741 742 743 745 746 747 749 750 751 756 757 758 759 760 761 762 763 764 765 769 770 771 772 773 774 775 776 777 778
10100010 6906 0 7437 531 704 705 706 707 709 723 724 725 726 736 737 738 739 751 752 753 755 785 786 787 788 789 790 792 793 794 795 796 797 798 799 810 813 814 815 816 817 818 819 820 821 822 823 824 825 826 827 828 829 830 831 832 833 834 836 838
10100011 6906 531 7437 1062 751 752 753 755 765 766 767 768 778 779 780 781 798 799 800 801 802 803 836 838 839 840 841 842
101001 6375 1062 7437 2124 0
101010 7437 0 8499 1062 0
10101000 7437 0 7968 531 843 844 845 846 847 848 849 850 851 852 854 856 858 859 860 861 863 864 865 866 906 929
10101001 7437 531 7968 1062 863 864 865 866 868 869 870 871 872 873 874 875 876 877 878 879 880 881 882 883 886 887 888 889 906 907 908 909 910
10101010 7968 0 8499 531 928 930
10101011 7968 531 8499 1062 888 889 890 891 892 893 894 895 896 897 898 899 900 901 902 903 904 905 909 910 911 912 913 914 915 917 918 919 920 921 922 923 924 925 926 927 930
101011 7437 1062 8499 2124 0
1011 6375 2125 8500 4250 0
11 4250 4250 8500 8500 0
