3000 1 1 0
 1 7 0 120
 2 8 32 120
 3 8 64 120
 4 8 96 120
 6 8 128 120
 7 8 160 120
 8 8 192 120
 9 8 224 120
 10 8 256 120
 11 8 288 120
 12 8 320 120
 13 8 352 120
 14 8 416 120
 15 8 384 120
 16 8 448 120
 17 8 480 120
 19 8 544 120
 20 8 512 120
 21 8 576 120
 22 8 608 120
 23 8 640 120
 24 8 704 120
 25 8 672 120
 27 9 736 120
 28 7 864 120
 29 8 896 120
 30 8 928 120
 31 8 992 120
 32 8 960 120
 33 8 1024 120
 34 8 1088 120
 35 8 1056 120
 36 8 1120 120
 37 8 1152 120
 38 8 1184 120
 39 8 1216 120
 40 8 1248 120
 41 8 1280 120
 42 8 1312 120
 43 8 1344 120
 45 8 1376 120
 46 8 1408 120
 47 9 1440 120
 48 49 137 319
 49 49 12 319
 50 47 507 170
 51 2 585 495
 54 2 286 589
 55 2 1375 465
 56 29 1071 247
 57 26 1120 312
 58 26 1152 312
 59 26 1184 312
 60 26 1216 312
 61 26 1248 312
 62 48 977 220
 67 25 1152 376
 68 25 1184 376
 69 25 1216 376
 70 25 1248 376
 71 25 1120 376
 75 7 1568 120
 76 8 1600 120
 77 8 1632 120
 78 8 1664 120
 79 8 1696 120
 80 8 1728 120
 81 8 1760 120
 82 8 1792 120
 83 8 1824 120
 84 8 1856 120
 85 8 1888 120
 86 8 1920 120
 87 8 1952 120
 88 8 1984 120
 89 8 2016 120
 90 8 2048 120
 91 8 2080 120
 92 8 2112 120
 93 8 2144 120
 94 8 2176 120
 95 8 2208 120
 96 8 2240 120
 97 8 2272 120
 98 8 2304 120
 99 8 2336 120
 100 8 2368 120
 101 8 2400 120
 102 8 2432 120
 103 8 2464 120
 104 8 2496 120
 105 8 2528 120
 106 8 2592 120
 107 8 2560 120
 108 8 2624 120
 109 8 2656 120
 110 8 2688 120
 111 8 2720 120
 112 8 2752 120
 113 8 2784 120
 114 8 2816 120
 115 8 2848 120
 116 8 2880 120
 117 8 2912 120
 118 8 2944 120
 119 9 2976 120
 120 33 0 88
 121 33 32 88
 122 33 64 88
 123 33 96 88
 124 33 128 88
 125 33 160 88
 126 33 192 88
 127 33 256 88
 128 33 224 88
 129 33 288 88
 130 33 352 88
 131 33 320 88
 132 33 384 88
 133 33 416 88
 134 33 448 88
 135 33 480 88
 136 33 544 88
 137 33 512 88
 138 33 576 88
 139 33 608 88
 140 33 640 88
 141 33 672 88
 142 33 704 88
 143 33 736 88
 144 33 864 88
 145 33 896 88
 146 33 928 88
 147 33 960 88
 148 33 992 88
 149 33 1024 88
 150 33 1056 88
 151 33 1120 88
 152 33 1088 88
 153 33 1152 88
 154 33 1184 88
 155 33 1216 88
 156 33 1248 88
 157 33 1280 88
 158 33 1312 88
 159 33 1344 88
 160 33 1376 88
 161 33 1408 88
 162 33 1440 88
 163 33 1600 88
 164 33 1568 88
 165 33 1632 88
 166 33 1664 88
 167 33 1728 88
 168 33 1696 88
 169 33 1760 88
 170 33 1792 88
 171 33 1824 88
 172 33 1888 88
 173 33 1856 88
 174 33 1920 88
 175 33 1952 88
 176 33 1984 88
 177 33 2016 88
 178 33 2048 88
 179 33 2080 88
 180 33 2112 88
 181 33 2144 88
 182 33 2208 88
 183 33 2176 88
 184 33 2240 88
 185 33 2272 88
 186 33 2304 88
 187 33 2336 88
 188 33 2368 88
 189 33 2400 88
 190 33 2432 88
 191 33 2464 88
 192 33 2496 88
 193 33 2560 88
 194 33 2528 88
 195 33 2944 88
 196 33 2912 88
 197 33 2880 88
 199 33 2816 88
 200 33 2784 88
 201 33 2752 88
 202 33 2720 88
 203 33 2688 88
 205 33 2656 88
 206 33 2624 88
 207 33 2592 88
 208 33 2848 88
 209 33 2976 88
 210 26 1728 152
 211 26 1728 184
 212 26 1696 152
 213 26 1664 152
 214 26 1696 184
 215 26 1728 216
 216 26 1952 216
 217 26 1952 184
 218 26 1952 152
 219 26 1984 184
 220 26 1984 152
 221 26 2016 152
 222 26 2304 152
 223 26 2336 152
 224 26 2336 184
 225 26 2368 216
 226 26 2368 184
 227 26 2368 152
 228 26 2400 152
 229 26 2400 184
 230 26 2400 216
 231 26 2400 248
 232 26 2432 280
 233 26 2432 248
 234 26 2432 216
 235 26 2432 184
 236 26 2432 152
 237 26 2656 280
 238 26 2656 248
 239 26 2656 216
 240 26 2656 184
 241 26 2656 152
 242 26 2688 152
 243 26 2688 184
 244 26 2688 216
 245 26 2688 248
 247 26 2560 216
 248 26 2592 216
 249 26 2720 216
 250 26 2720 184
 251 26 2720 152
 252 26 2752 152
 253 26 2752 184
 255 26 2784 152
 256 2 2240 504
 257 2 1888 376
 258 3 2144 152
 259 30 1856 216
 260 30 2848 216
 261 4 2080 152
 265 25 160 408
 276 0 288 408
 277 0 352 408
 280 0 608 440
 281 0 640 440
 282 0 672 440
 283 0 704 440
 284 0 736 440
 286 0 768 440
 287 0 832 440
 288 0 800 440
 289 0 864 440
 290 0 896 440
 292 23 288 280 1
 295 16 352 280 1
 296 46 416 280 1
 297 24 608 280 1
 298 22 672 280 1
 300 22 416 408 1
 301 36 224 152
 10 0 4 0 0 300 1