1500 1 2 1 3 1 36 0 120
 2 36 32 120
 3 36 64 120
 4 36 96 120
 5 36 128 120
 6 36 160 120
 7 36 192 120
 9 36 224 120
 10 36 256 120
 11 36 288 120
 12 36 320 120
 13 36 352 120
 14 36 384 120
 15 36 416 120
 16 36 448 120
 17 36 480 120
 18 36 512 120
 19 36 544 120
 20 36 576 120
 21 36 608 120
 23 36 640 120
 24 36 672 120
 25 36 704 120
 27 36 736 120
 29 36 768 120
 30 36 800 120
 32 36 832 120
 33 36 864 120
 34 36 896 120
 35 36 928 120
 36 36 960 120
 37 36 992 120
 39 36 1024 120
 40 36 1056 120
 41 36 1088 120
 43 36 1120 120
 44 36 1184 120
 45 36 1216 120
 46 36 1152 120
 47 36 1248 120
 48 36 1280 120
 50 36 1312 120
 51 36 1376 120
 52 36 1408 120
 53 36 1344 120
 54 36 1440 120
 55 36 1472 120
 56 32 32 344
 57 50 288 248
 58 48 576 184
 59 27 308 284
 60 27 596 220
 61 18 128 184 0 4 0 0 300
 62 46 160 312 0
 63 5 384 152
 64 20 480 184
 65 5 896 152
