1500 1 3 0 1 1 0 160 312
 2 0 192 312
 3 0 224 312
 4 0 256 312
 5 0 288 312
 7 0 320 312
 8 32 0 344
 9 7 0 120
 11 8 32 120
 12 8 64 120
 14 8 96 120
 15 8 128 120
 17 8 160 120
 18 8 192 120
 19 8 224 120
 21 8 320 120
 23 8 288 120
 24 8 256 120
 26 8 352 120
 28 8 384 120
 30 8 448 120
 31 8 416 120
 32 8 480 120
 33 8 544 120
 34 8 576 120
 35 8 512 120
 36 8 608 120
 37 8 640 120
 39 8 672 120
 40 8 704 120
 41 8 736 120
 43 8 832 120
 44 8 864 120
 45 8 768 120
 46 8 800 120
 47 8 896 120
 49 8 928 120
 50 8 960 120
 51 8 992 120
 52 8 1024 120
 53 8 1056 120
 54 8 1088 120
 55 8 1120 120
 56 8 1152 120
 57 8 1184 120
 58 8 1216 120
 60 8 1248 120
 62 8 1312 120
 63 8 1344 120
 64 8 1280 120
 65 8 1376 120
 66 8 1408 120
 67 8 1472 120
 68 8 1440 120
 69 24 416 312 0
 70 22 512 312 0
 71 23 608 312 0
 73 46 704 312 0
 74 11 96 280 0 4 0 0 300
