00 0 0 4600 4600 0
0000 0 0 2300 2300 0
000000 0 0 1150 1150 0
00000000 0 0 575 575 1 2 3 4 5 6 7 8 9 10 11 12 13 14 15 16 17 19 22 23 24 428
00000001 0 575 575 1150 428 429
00000010 575 0 1150 575 19 21 47 48 51 52 69 70 71 72 82 84 85 86 91 101 430
00000011 575 575 1150 1150 430 431
000001 0 1150 1150 2300 0
000010 1150 0 2300 1150 0
00001000 1150 0 1725 575 90 91 92 93 98 99 100 101 102 105 106 120 132 137 138 139 140 141 142 143
00001001 1150 575 1725 1150 0
00001010 1725 0 2300 575 143 144 145 146 147 149 150 152 153 425 426 427
00001011 1725 575 2300 1150 0
000011 1150 1150 2300 2300 0
0001 0 2300 2300 4600 0
0010 2300 0 4600 2300 0
001000 2300 0 3450 1150 0
00100000 2300 0 2875 575 153 154 155 156 157 158 159 160 161 162 163 164 165 180 181 182 183 185
00100001 2300 575 2875 1150 0
00100010 2875 0 3450 575 164 166 167 183 186 188 189 192 193 194 199 200 201 208
00100011 2875 575 3450 1150 0
001001 2300 1150 3450 2300 0
001010 3450 0 4600 1150 0
00101000 3450 0 4025 575 201 202 203 204 205 206 207 209 210 211 213 214
00101001 3450 575 4025 1150 0
00101010 4025 0 4600 575 214 215 216 217 218 219 220 221 222 223 224 225 226 227 229 230 233
00101011 4025 575 4600 1150 0
001011 3450 1150 4600 2300 0
0011 2300 2300 4600 4600 0
01 0 4600 4600 9200 0
10 4600 0 9200 4600 0
1000 4600 0 6900 2300 0
100000 4600 0 5750 1150 0
10000000 4600 0 5175 575 230 231 234 235 236 237 238 239 240 241 242 245 246 247 248 249 252 253 254 255 256 257 258 259
10000001 4600 575 5175 1150 0
10000010 5175 0 5750 575 242 243 249 250 251 259 260 261 262 263 264 265 266 267 268 269 270 271 272 273 274 275 276 277 279 280 281 282 283
10000011 5175 575 5750 1150 0
100001 4600 1150 5750 2300 0
100010 5750 0 6900 1150 0
10001000 5750 0 6325 575 283 285 286 287 288 289 290 291 292 293 297 301 302
10001001 5750 575 6325 1150 303 304
10001010 6325 0 6900 575 310 311 312 313 314 315 316 317 318 319 320 321 322 323 324
10001011 6325 575 6900 1150 304 305 306 307 308 309
100011 5750 1150 6900 2300 0
1001 4600 2300 6900 4600 0
1010 6900 0 9200 2300 0
101000 6900 0 8050 1150 0
10100000 6900 0 7475 575 324 325 326 327 328 329 330 331 332 333 334 335 336 337 338 339 340
10100001 6900 575 7475 1150 0
10100010 7475 0 8050 575 339 341 342 343 344 345 346 347 348 349 350 351 352 359 360 361 362 363 367 368
10100011 7475 575 8050 1150 0
101001 6900 1150 8050 2300 0
101010 8050 0 9200 1150 0
10101000 8050 0 8625 575 352 353 354 355 356 357 358 363 364 365 366 367 368 369 370 371 372 373 374 375 376 377 378 379 380 383 400
10101001 8050 575 8625 1150 0
10101010 8625 0 9200 575 380 381 382 384 385 386 387 388 389 390 391 392 393 394 395 396 397 398 399
10101011 8625 575 9200 1150 0
101011 8050 1150 9200 2300 0
1011 6900 2300 9200 4600 0
11 4600 4600 9200 9200 0
